#: table_doi: 10.17182/hepdata.104923.v1/t2
#: name: Table 2
#: description: $p_{T}$-distributions of pions ($\pi^{+}+\pi^{-}$) measured in pp collisions at $\sqrt{s}$ = 5.02 TeV.
#: data_file: table_2.yaml
#: keyword reactions: P P --> PI+ X | P P --> PI- X
#: keyword observables: DN/DPT
#: keyword cmenergies: 5020.0
#: keyword phrases: Inclusive | Differential Distribution | Transverse Momentum Dependence
#: RE,,,P P --> PI+ X, P P --> PI- X
#: SQRT(S)/NUCLEON [GeV],,,5020.0
#: YRAP,,,-0.5-0.5
$p_{T}$ [$GeV/c$],$p_{T}$ [$GeV/c$] LOW,$p_{T}$ [$GeV/c$] HIGH,(1/Nev)*D2(N)/DPT/DYRAP [$(GeV/c)^{-1}$],stat. +,stat. -,syst. +,syst. -
0.11,0.1,0.12,7.1973,0.0054615,-0.0054615,0.46169,-0.46169
0.13,0.12,0.14,7.6428,0.0045712,-0.0045712,0.30621,-0.30621
0.15000000000000002,0.14,0.16,7.8967,0.0044662,-0.0044662,0.29245,-0.29245
0.16999999999999998,0.16,0.18,7.97,0.0043551,-0.0043551,0.2899,-0.2899
0.19,0.18,0.2,7.8669,0.0041844,-0.0041844,0.27943,-0.27943
0.225,0.2,0.25,7.4683,0.0024598,-0.0024598,0.28514,-0.28514
0.275,0.25,0.3,6.7112,0.0022113,-0.0022113,0.27243,-0.27243
0.32499999999999996,0.3,0.35,6.123,0.0036756,-0.0036756,0.14976,-0.14976
0.375,0.35,0.4,5.2776,0.0031661,-0.0031661,0.13812,-0.13812
0.42500000000000004,0.4,0.45,4.512,0.0027675,-0.0027675,0.12391,-0.12391
0.475,0.45,0.5,3.8406,0.00245,-0.00245,0.10828,-0.10828
0.525,0.5,0.55,3.3103,0.0018092,-0.0018092,0.070436,-0.070436
0.575,0.55,0.6,2.8345,0.0015998,-0.0015998,0.057193,-0.057193
0.625,0.6,0.65,2.4377,0.001439,-0.001439,0.047844,-0.047844
0.675,0.65,0.7,2.0889,0.0013515,-0.0013515,0.040562,-0.040562
0.725,0.7,0.75,1.7907,0.0010767,-0.0010767,0.039482,-0.039482
0.775,0.75,0.8,1.5385,0.001018,-0.001018,0.034206,-0.034206
0.825,0.8,0.85,1.3303,0.00096421,-0.00096421,0.028427,-0.028427
0.875,0.85,0.9,1.1544,0.00091635,-0.00091635,0.024301,-0.024301
0.925,0.9,0.95,1.0042,0.00087268,-0.00087268,0.020974,-0.020974
0.975,0.95,1.0,0.87336,0.00082685,-0.00082685,0.018498,-0.018498
1.05,1.0,1.1,0.71679,0.00053967,-0.00053967,0.015599,-0.015599
1.15,1.1,1.2,0.55387,0.0004845,-0.0004845,0.011876,-0.011876
1.25,1.2,1.3,0.43078,0.00043283,-0.00043283,0.0091265,-0.0091265
1.35,1.3,1.4,0.33666,0.00038323,-0.00038323,0.0074285,-0.0074285
1.45,1.4,1.5,0.2679,0.00034035,-0.00034035,0.0054766,-0.0054766
1.55,1.5,1.6,0.21573,0.00033977,-0.00033977,0.0043192,-0.0043192
1.65,1.6,1.7,0.17592,0.00035709,-0.00035709,0.00503,-0.00503
1.75,1.7,1.8,0.14213,0.00031029,-0.00031029,0.003947,-0.003947
1.85,1.8,1.9,0.11613,0.00027975,-0.00027975,0.0032541,-0.0032541
1.95,1.9,2.0,0.095355,0.00025643,-0.00025643,0.0027908,-0.0027908
2.1,2.0,2.2,0.074323,0.00017921,-0.00017921,0.0021335,-0.0021335
2.3,2.2,2.4,0.052134,0.00013245,-0.00013245,0.0013541,-0.0013541
2.5,2.4,2.6,0.036806,0.00011557,-0.00011557,0.00094283,-0.00094283
2.7,2.6,2.8,0.026518,9.5205e-05,-9.5205e-05,0.00066386,-0.00066386
2.9,2.8,3.0,0.01932,7.7459e-05,-7.7459e-05,0.00047308,-0.00047308
3.1,3.0,3.2,0.014318,6.7519e-05,-6.7519e-05,0.00034919,-0.00034919
3.3,3.2,3.4,0.010731,5.7409e-05,-5.7409e-05,0.00025842,-0.00025842
3.5,3.4,3.6,0.0081994,5.0626e-05,-5.0626e-05,0.00021457,-0.00021457
3.7,3.6,3.8,0.006306,4.2228e-05,-4.2228e-05,0.00015384,-0.00015384
3.9,3.8,4.0,0.0048802,3.6779e-05,-3.6779e-05,0.00013181,-0.00013181
4.25,4.0,4.5,0.0032819,1.8777e-05,-1.8777e-05,9.1536e-05,-9.1536e-05
4.75,4.5,5.0,0.0018721,1.4043e-05,-1.4043e-05,4.6193e-05,-4.6193e-05
5.25,5.0,5.5,0.0011389,1.0973e-05,-1.0973e-05,2.8975e-05,-2.8975e-05
5.75,5.5,6.0,0.00072401,8.787e-06,-8.787e-06,1.8509e-05,-1.8509e-05
6.25,6.0,6.5,0.00046533,6.8977e-06,-6.8977e-06,1.3699e-05,-1.3699e-05
6.75,6.5,7.0,0.00031975,5.7509e-06,-5.7509e-06,8.5418e-06,-8.5418e-06
7.5,7.0,8.0,0.00019037,3.2027e-06,-3.2027e-06,5.2784e-06,-5.2784e-06
8.5,8.0,9.0,9.9951e-05,2.3289e-06,-2.3289e-06,2.8963e-06,-2.8963e-06
9.5,9.0,10.0,5.5556e-05,1.6968e-06,-1.6968e-06,1.6103e-06,-1.6103e-06
10.5,10.0,11.0,3.2919e-05,1.3183e-06,-1.3183e-06,1.1125e-06,-1.1125e-06
11.5,11.0,12.0,2.1292e-05,1.0638e-06,-1.0638e-06,7.1938e-07,-7.1938e-07
12.5,12.0,13.0,1.3258e-05,8.1311e-07,-8.1311e-07,4.4895e-07,-4.4895e-07
13.5,13.0,14.0,9.2868e-06,7.2847e-07,-7.2847e-07,3.1516e-07,-3.1516e-07
14.5,14.0,15.0,6.6406e-06,6.0232e-07,-6.0232e-07,2.2501e-07,-2.2501e-07
15.5,15.0,16.0,4.2808e-06,4.9218e-07,-4.9218e-07,1.4505e-07,-1.4505e-07
17.0,16.0,18.0,2.849e-06,2.7311e-07,-2.7311e-07,9.7074e-08,-9.7074e-08
19.0,18.0,20.0,1.6493e-06,2.4647e-07,-2.4647e-07,5.5884e-08,-5.5884e-08

