#: table_doi: 10.17182/hepdata.104923.v1/t6
#: name: Table 6
#: description: $p_{T}$-distributions of protons ($p+pbar$) measured in pp collisions at $\sqrt{s}$ = 5.02 TeV.
#: data_file: table_6.yaml
#: keyword reactions: P P --> P X | P P --> PBAR X
#: keyword observables: DN/DPT
#: keyword cmenergies: 5020.0
#: keyword phrases: Inclusive | Differential Distribution | Transverse Momentum Dependence
#: RE,,,P P --> P X, P P --> PBAR X
#: SQRT(S)/NUCLEON [GeV],,,5020.0
#: YRAP,,,-0.5-0.5
$p_{T}$ [$GeV/c$],$p_{T}$ [$GeV/c$] LOW,$p_{T}$ [$GeV/c$] HIGH,(1/Nev)*D2(N)/DPT/DYRAP [$(GeV/c)^{-1}$],stat. +,stat. -,syst. +,syst. -
0.32499999999999996,0.3,0.35,0.19115,0.00067434,-0.00067434,0.013144,-0.013144
0.375,0.35,0.4,0.20174,0.00058526,-0.00058526,0.011445,-0.011445
0.42500000000000004,0.4,0.45,0.21497,0.00054121,-0.00054121,0.010861,-0.010861
0.475,0.45,0.5,0.21553,0.00066587,-0.00066587,0.010292,-0.010292
0.525,0.5,0.55,0.21511,0.0019938,-0.0019938,0.0098451,-0.0098451
0.575,0.55,0.6,0.20869,0.0017424,-0.0017424,0.008006,-0.008006
0.625,0.6,0.65,0.20239,0.0020091,-0.0020091,0.0074119,-0.0074119
0.675,0.65,0.7,0.19791,0.00094028,-0.00094028,0.0093239,-0.0093239
0.725,0.7,0.75,0.17948,0.00086402,-0.00086402,0.0068367,-0.0068367
0.775,0.75,0.8,0.17333,0.00086827,-0.00086827,0.0057235,-0.0057235
0.825,0.8,0.85,0.16054,0.00037882,-0.00037882,0.0068446,-0.0068446
0.875,0.85,0.9,0.15442,0.00038813,-0.00038813,0.0061821,-0.0061821
0.925,0.9,0.95,0.14074,0.00033375,-0.00033375,0.0054324,-0.0054324
0.975,0.95,1.0,0.13461,0.00036841,-0.00036841,0.0053831,-0.0053831
1.05,1.0,1.1,0.11823,0.00024543,-0.00024543,0.0045129,-0.0045129
1.15,1.1,1.2,0.10013,0.00022598,-0.00022598,0.0038272,-0.0038272
1.25,1.2,1.3,0.084304,0.00021076,-0.00021076,0.0031916,-0.0031916
1.35,1.3,1.4,0.069774,0.00019116,-0.00019116,0.0027178,-0.0027178
1.45,1.4,1.5,0.058371,0.00017401,-0.00017401,0.0021824,-0.0021824
1.55,1.5,1.6,0.04904,0.00022744,-0.00022744,0.0016385,-0.0016385
1.65,1.6,1.7,0.04076,0.00019456,-0.00019456,0.001336,-0.001336
1.75,1.7,1.8,0.034204,0.0001713,-0.0001713,0.0010992,-0.0010992
1.85,1.8,1.9,0.028598,0.00015351,-0.00015351,0.00091698,-0.00091698
1.95,1.9,2.0,0.02377,0.00013537,-0.00013537,0.00075602,-0.00075602
2.1,2.0,2.2,0.018244,0.00010175,-0.00010175,0.00064349,-0.00064349
2.3,2.2,2.4,0.012914,7.3447e-05,-7.3447e-05,0.00046413,-0.00046413
2.5,2.4,2.6,0.0091879,6.7508e-05,-6.7508e-05,0.0003188,-0.0003188
2.7,2.6,2.8,0.0066386,5.4758e-05,-5.4758e-05,0.00023014,-0.00023014
2.9,2.8,3.0,0.004812,4.4211e-05,-4.4211e-05,0.00017331,-0.00017331
3.1,3.0,3.2,0.0035565,4.0866e-05,-4.0866e-05,0.00013522,-0.00013522
3.3,3.2,3.4,0.0026773,4.3205e-05,-4.3205e-05,0.00011805,-0.00011805
3.5,3.4,3.6,0.0020235,4.6871e-05,-4.6871e-05,0.00010826,-0.00010826
3.7,3.6,3.8,0.0015503,4.1828e-05,-4.1828e-05,8.7545e-05,-8.7545e-05
3.9,3.8,4.0,0.0011277,3.1426e-05,-3.1426e-05,6.1027e-05,-6.1027e-05
4.25,4.0,4.5,0.00070546,2.776e-05,-2.776e-05,4.3704e-05,-4.3704e-05
4.75,4.5,5.0,0.00038647,2.0224e-05,-2.0224e-05,2.8367e-05,-2.8367e-05
5.25,5.0,5.5,0.00022085,1.2642e-05,-1.2642e-05,1.7881e-05,-1.7881e-05
5.75,5.5,6.0,0.00013146,8.8593e-06,-8.8593e-06,1.1171e-05,-1.1171e-05
6.25,6.0,6.5,8.0673e-05,2.6144e-06,-2.6144e-06,9.248e-06,-9.248e-06
6.75,6.5,7.0,5.3493e-05,2.1258e-06,-2.1258e-06,6.1049e-06,-6.1049e-06
7.5,7.0,8.0,2.9541e-05,1.1825e-06,-1.1825e-06,3.3939e-06,-3.3939e-06
8.5,8.0,9.0,1.348e-05,7.5483e-07,-7.5483e-07,1.6611e-06,-1.6611e-06
9.5,9.0,10.0,7.2432e-06,5.5198e-07,-5.5198e-07,8.9289e-07,-8.9289e-07
10.5,10.0,11.0,4.5538e-06,4.3175e-07,-4.3175e-07,5.6699e-07,-5.6699e-07
11.5,11.0,12.0,2.4696e-06,3.1921e-07,-3.1921e-07,3.0746e-07,-3.0746e-07
12.5,12.0,13.0,1.263e-06,2.1534e-07,-2.1534e-07,1.5727e-07,-1.5727e-07
13.5,13.0,14.0,7.66e-07,1.5719e-07,-1.5719e-07,9.5423e-08,-9.5423e-08
14.5,14.0,15.0,6.0381e-07,1.7022e-07,-1.7022e-07,7.5233e-08,-7.5233e-08
15.5,15.0,16.0,5.5904e-07,1.4417e-07,-1.4417e-07,6.9669e-08,-6.9669e-08
17.0,16.0,18.0,3.1674e-07,7.9663e-08,-7.9663e-08,3.9486e-08,-3.9486e-08
19.0,18.0,20.0,1.2325e-07,4.7983e-08,-4.7983e-08,1.5371e-08,-1.5371e-08

